B,65.0,386.23860846321116,0.21287157901769235,0.30429137795369166,15,225,-3407617
B,543.6134075109159,1033.6091325054228,-0.1618440086189571,6.965173615146914,15,225,-3407617
B,61.02893339296022,555.5451232892756,0.33385623721808216,1.0805197752164122,15,225,-3407617
B,4.657703822925217,2988.3450224600456,-0.08221542480762581,15.468107896148164,15,225,-3407617
B,89.98934111455003,346.8567488852897,-0.033581039808304555,0.40662846893978444,15,225,-3407617
B,73.47917858063035,372.74531638094504,-0.11087498427936622,0.40957007752908736,15,225,-3407617
B,65.0,308.7033022133292,-0.03759716398152819,0.18282743403946902,15,225,-3407617
B,65.0,326.4650169186366,0.06212189407526482,0.2643461061177722,15,225,-3407617
B,725.0,402.3274698505842,-5.822055719703222E-4,0.10649730828171575,15,225,-3407617
B,725.0,361.0422566904819,-0.02137542619748246,0.2159718525364176,15,225,-3407617
B,611.0102560126161,485.0,-0.4114140579824198,0.1764842209136311,15,225,-3407617
B,39.52078408788297,2812.4897602992787,-0.016931057037258855,14.941401180991331,15,225,-3407617
B,133.06605888326186,34157.44486787482,0.07725742563405495,57.95365088587785,15,225,-3407617
B,619.6613105725767,238405.82930222224,0.18694135752887447,154.20239354597155,15,225,-3407617
B,533.2298837938301,113539.55860281056,0.2288982232921284,106.27432009566252,15,225,-3407617
B,-231.86430125639592,4734.581776669387,-0.7100524386765008,20.404811559341447,15,225,-3407617
B,65.0,405.32982836600365,0.1557434971664754,0.05841991490092745,15,225,-3407617
B,725.0,485.0,-0.3077051590170715,-0.16716185999278813,15,225,-3407617
B,678.5052276865671,707.8460766931473,0.29874493926467194,4.014884112898021,15,225,-3407617
B,725.0,387.78270964598954,-0.2914706118469265,0.1379930414782527,15,225,-3407617
B,65.0,357.9891366137297,0.09494722246045854,0.3801372215209617,15,225,-3407617
B,708.0456941273015,433.59754385944484,-0.06778640563046313,0.253340318857737,15,225,-3407617
B,659.3411493767599,433.139959528578,0.031950349456236975,-0.2640068850927376,15,225,-3407617
B,37.91735064048605,2717.4657419492314,-0.05505106161572959,14.692287727221997,15,225,-3407617
B,333.87072783310265,26477.427466427336,0.282403295586374,50.89918962209513,15,225,-3407617
B,725.0,426.44978513939293,-0.13525138214147012,0.026561147390254593,15,225,-3407617
B,65.0,290.5371766010645,0.01199265873964988,0.22894587258382354,15,225,-3407617
B,730.958846314554,2073.3972838941067,-0.037262072178427266,12.340691255760813,15,225,-3407617
B,749.9513489031384,1436.7592175674374,0.2889666708456093,9.434883244760888,15,225,-3407617
B,90.8185828380745,485.0,-0.28986097297083935,0.15836078429852063,15,225,-3407617
B,-13.970663688373827,798.047188301685,-0.395871793687538,4.8440069078370795,15,225,-3407617
B,513.6676656772714,485.0,-0.3119175474525081,0.13484021214238878,15,225,-3407617
B,114.98329278642292,485.0,0.10704022258830516,-0.13012660990944455,15,225,-3407617
B,143.4156442770309,5712.036008279877,0.19684514401359463,22.684722371472766,15,225,-3407617
B,489.9255935250209,2485.1317813567507,-0.3102983902362494,13.90408585327353,15,225,-3407617
B,61.97206026650009,1339.9395781318885,0.09603731762661745,8.828784738228451,15,225,-3407617
B,366.8426570753518,4421.459575858919,0.8386558079236115,19.66681555426938,15,225,-3407617
B,705.8066790635869,485.0,-0.11475077284467436,-0.07821916426975332,15,225,-3407617
B,-104.01108984199503,5423.042075607681,-0.28701862883284046,22.051117882724583,15,225,-3407617
B,9.285627822598476,747.3641137458725,-0.2740868611324904,4.51175489496715,15,225,-3407617
B,620.1382212172347,4584.874379744613,0.07895742082457982,20.078488273463606,15,225,-3407617
B,208.80224922681572,1025.2894158013937,-0.05216213967420689,6.909048096383216,15,225,-3407617
B,644.6293508501925,379.6408298321585,0.052769286695712764,0.2560929219456042,15,225,-3407617
B,33.24178180566002,1723.4585246461386,-0.062416933415631745,10.842845704629458,15,225,-3407617
B,46.48528717397952,1848.4218747048762,0.09046714723712351,11.335708925628065,15,225,-3407617
B,321.1134749308399,1062.4310374197667,0.5672913063838998,7.172254116038608,15,225,-3407617
B,654.3750158506504,338.7925052407813,0.0039815489449902776,0.3618109087130479,15,225,-3407617
B,141.5187333457123,916.0787058240792,0.9006582809866647,5.88356954908272,15,225,-3407617
B,593.8143223376055,412.03050074360203,0.36067892749578834,0.48534260611986574,15,225,-3407617
B,608.6056960571201,426.1866658243354,-0.04650419351986866,0.018328985380764492,15,225,-3407617
B,81.98055734911463,2277.15985679976,0.21827740513697727,13.006655145739774,15,225,-3407617
B,59.14660842177335,2187.7544975548,0.0352635705726838,12.721220067151801,15,225,-3407617
B,400.0991458919859,2695.2421015478917,-0.5299841384839501,14.6346253712423,15,225,-3407617
B,48.23805602326776,4056.968289628303,0.016119269897130205,18.734967289464638,15,225,-3407617
B,276.54747455991793,485.0,0.2642932781495079,-0.30354158313601143,15,225,-3407617
B,724.8193924930666,475.70989481435896,-0.15242069631621985,0.11817968683534195,15,225,-3407617
B,66.30291587290614,4903.529722998275,0.06513575986202966,20.763894988862944,15,225,-3407617
B,328.4517324084096,485.0,-0.16786644065425696,-0.018104241997495107,15,225,-3407617
B,612.6715021679038,335.7818923275927,-0.05811753338860696,0.1089519596736876,15,225,-3407617
B,661.3783105891993,317.9615258930113,0.06299250205298633,0.2819313076109449,15,225,-3407617
B,55.93850819890946,702.0655181313975,-0.04206371596135845,3.9515824401561206,15,225,-3407617
B,48.43177109664657,613.1804921873076,0.18422137882084125,2.3165352534415145,15,225,-3407617
B,615.2176000086914,412.7450132429468,0.06553516266546563,0.272146328359111,15,225,-3407617
B,695.1881703896502,1387.83099984894,0.15612276778174367,9.155939559609566,15,225,-3407617
B,503.1537234057485,477.3005316418127,0.11624978921675572,0.13856922480308573,15,225,-3407617
B,561.1322178488114,485.0,-0.6528931614588706,-0.023840667715548332,15,225,-3407617
B,92.48024176126061,446.95817825253107,-0.08387323326251162,0.4539826901020107,15,225,-3407617
B,672.7520788846928,459.9618612449568,-0.2576492331723826,0.2158896765701562,15,225,-3407617
B,661.8087143124411,389.82256278732075,-0.0496239924776533,0.2626824273673892,15,225,-3407617
B,681.9257045136966,420.6838084157836,-0.010954306568403417,0.14371798544555645,15,225,-3407617
B,65.0,465.3143718500176,-0.09987407406016921,0.41839751579875817,15,225,-3407617
B,699.3171710314699,463.41733142594927,0.06390887511584692,0.1835675786110491,15,225,-3407617
B,108.48293724410793,461.97591185954775,-0.04294011813010953,-0.1884426362918406,15,225,-3407617
B,665.9889132143057,419.87955300881254,0.008145755714579333,0.05670155082016444,15,225,-3407617
B,99.39777901931045,423.1373954257263,-0.12063940193787526,0.2384868763611321,15,225,-3407617
B,723.5438821905806,445.3612451210149,-0.25889443613607543,-0.07657003457135468,15,225,-3407617
B,543.2679931811255,447.9981110726506,0.2758366720407118,0.06514587473460065,15,225,-3407617
B,645.7137468294152,452.9117670393676,0.2544412147711712,0.16588559832026425,15,225,-3407617
B,65.0,262.5356151640563,0.008579556216210638,0.19169412817356649,15,225,-3407617
B,168.7401988371407,485.0,0.14420127131962676,-0.38030253150864207,15,225,-3407617
B,473.41996739329835,546.7174500587464,-0.14631916296980732,0.6224833529154798,15,225,-3407617
B,625.9565221831825,485.0,-0.1000893686506068,0.07070008222202513,15,225,-3407617
B,86.91940834589501,471.970963407007,0.054524437470858715,-0.18147620800999295,15,225,-3407617
B,65.0,485.0,-0.3098305741942785,-0.17912474390757546,15,225,-3407617
B,618.6669881164283,445.9713058839302,0.07713439469003228,-0.05205201084216357,15,225,-3407617
B,19.309639794432755,991.530602017013,-0.3071741652528653,6.3243366384892985,15,225,-3407617
B,80.84245438141316,784.9517551383497,0.22952390563553318,4.68874753073259,15,225,-3407617
B,144.05242349237665,485.0,0.10054834032373121,-0.05920806440027604,15,225,-3407617
B,546.091993268247,468.90339074759714,-0.3637715361800823,-0.22744314025758175,15,225,-3407617
B,224.9842628360443,485.0,-0.1910822678620093,-0.31157885270372093,15,225,-3407617
B,186.2848013825279,411.5892981475396,-0.03745497985288039,0.4165325759517211,15,225,-3407617
B,684.6386016141113,485.0,-0.021203823280214817,0.04459949608222243,15,225,-3407617
B,680.3788555014279,4028.374869648136,0.3938028948640807,18.640040297149522,15,225,-3407617
B,31.070900101379237,569.9620176191698,0.14884717699794592,1.2766293300820035,15,225,-3407617
B,197.88527722042824,368.87963981406534,-0.05173950947103917,0.2061473684085275,15,225,-3407617
B,586.0758910636177,485.0,-0.2754618869797318,-0.37558195965975005,15,225,-3407617
B,515.8382093500865,1693.946434453327,-0.05376845184724576,10.694558653081753,15,225,-3407617
B,228.85422236852912,443.5429317913936,-0.03399456094268026,0.07448401380907049,15,225,-3407617
B,517.9099117389362,1127.7159759563124,-0.04355892212942205,7.609046198386163,15,225,-3407617
B,252.36168723742793,485.0,-0.14649820324447685,0.06289906750512333,15,225,-3407617
B,267.6589373146437,467.26466946522964,-0.025747609191665317,0.31585305363709054,15,225,-3407617
B,544.2908397252884,1510.3289536421257,-0.09692669241384771,9.801704423016208,15,225,-3407617
B,206.95961304063957,421.1652344739386,0.19008081511756084,-0.10766641030236816,15,225,-3407617
B,227.79794698063938,425.2593596585501,-0.09391087668137041,0.09632206355192341,15,225,-3407617
B,377.82936868238477,485.0,-0.10908863392112379,-0.04538636610357696,15,225,-3407617
B,195.70551865789147,485.0,0.052931017404846036,0.12819539634106167,15,225,-3407617
B,417.0654260022342,628.7190692667992,0.09365227614368299,2.7916927924460375,15,225,-3407617
B,304.4688018054849,485.0,0.05220512834037886,-0.26449952734303916,15,225,-3407617
B,350.7480542343628,485.0,-0.18988258463490398,-0.5237274157899386,15,225,-3407617
B,486.0611971146274,2179.1358751819635,0.19563484215381702,12.758605807803052,15,225,-3407617
B,725.0,283.1085292626499,-0.0173628788710692,0.21509154320432713,15,225,-3407617
B,42.51812779483977,1994.6717676836988,-0.0810483573426694,11.998539319722793,15,225,-3407617
B,65.0,439.0987962626795,0.02897548020303502,0.07079082545278093,15,225,-3407617
B,454.0712552541178,426.6437201341051,-0.3306647270542982,0.39336269338212065,15,225,-3407617
B,497.2552188573837,586.7748582675839,-0.12234616829429178,2.018898982136204,15,225,-3407617
B,542.9992347311018,744.6594619763906,0.13853570249854744,4.443857522458981,15,225,-3407617
B,198.8253073129277,395.3927800250865,0.03534644684867044,-0.05951435928534849,15,225,-3407617
B,433.2309407831506,458.377404308946,-0.03451210186709607,-0.2506771260041193,15,225,-3407617
B,172.75116181878923,435.3612031079148,0.11921255592567954,0.2776455231678057,15,225,-3407617
B,437.1225322801876,400.1449563587586,-0.07182574712257411,0.15967948290258516,15,225,-3407617
B,658.8770779763495,463.00422401991597,-0.06955345572270476,-0.4192454953060408,15,225,-3407617
B,318.0187555081117,411.5025022360436,0.10886276818282518,0.3243059484146102,15,225,-3407617
B,275.93664165034176,376.17769030545935,-0.3354345880934894,0.2503626056600661,15,225,-3407617
B,684.3888409582563,437.39532225630245,-0.27678610685428057,-0.1722524903105123,15,225,-3407617
B,163.44770206685578,465.0085838492442,0.1499556869844074,0.14250122511182425,15,225,-3407617
B,369.50408530229146,409.2419455383729,0.030546917558710234,0.28772444453529167,15,225,-3407617
B,536.0047079734603,446.81933226469425,0.3615753261661614,0.09797794277792646,15,225,-3407617
B,513.2924078606784,1034.8387859926456,0.2274704801548765,6.974020043112546,15,225,-3407617
B,86.15721070764917,339.67016605978273,0.21505003403535958,0.16475012269190537,15,225,-3407617
B,509.86232997701745,442.66572508695754,0.09129571973103769,0.24134585943129505,15,225,-3407617
B,76.58618259248837,420.9555475585093,-0.15639522623072658,-0.11417940591188364,15,225,-3407617
B,308.2362484010214,423.31205018151246,-0.21744389775086662,0.24448614684962958,15,225,-3407617
B,529.6359303155963,485.0,-0.061665402066818885,-0.45333913035927786,15,225,-3407617
B,181.61762743981063,469.7280021454244,-0.09847673924967745,0.21593549816007498,15,225,-3407617
B,379.3143542990966,419.17811555570995,0.1797420466897255,0.1595183184458445,15,225,-3407617
B,279.0101491935873,438.09265865144897,-0.16874357459595987,0.049351090271416216,15,225,-3407617
B,619.6654281745234,392.90572129941904,-0.025988765484922762,0.29109655008590474,15,225,-3407617
B,398.36404301418537,485.0,0.10107277078383782,-0.16787169350982173,15,225,-3407617
B,654.6463085407953,485.0,-0.2028635322937095,-0.19142766546551693,15,225,-3407617
B,98.40435700322567,372.704351283429,-0.046448032054934786,0.1197178215797867,15,225,-3407617
B,382.88156160299883,444.34386337015025,-0.09889527839124015,-0.2514815198509944,15,225,-3407617
B,725.0,304.54344125544594,0.27310922774916613,0.09774038287896074,15,225,-3407617
B,84.74593508638299,397.07363599052735,-0.2292071370277921,0.27816381925956657,15,225,-3407617
B,566.7490283387706,413.4475808005654,-0.02677481870071534,0.3948611925943065,15,225,-3407617
B,125.41048601714425,374.199122218395,-0.08225769563423063,0.25238533099220256,15,225,-3407617
B,370.1626738598604,470.7270788721937,0.07208179044622842,-0.12781297897002278,15,225,-3407617
B,439.86358025468223,586.3987359619721,-0.0026746578874486935,2.018763243304364,15,225,-3407617
B,399.00235826124106,435.18821904420366,0.05148310772651591,0.18652328308837188,15,225,-3407617
B,396.25152215563355,348.2998855392526,-0.008023104348318775,0.5238639018911886,15,225,-3407617
B,182.89702869441788,361.263866963886,0.12737458098789936,0.2252974043363,15,225,-3407617
B,187.89521123607415,430.4367695433219,0.25276854519288555,0.02205584615386009,15,225,-3407617
B,654.2369407667579,363.1736117099596,-0.016399436919023472,0.18749954335100946,15,225,-3407617
B,443.64950834637597,846.2700227497377,-0.04218922419097796,5.464537247682753,15,225,-3407617
B,593.8260496077567,424.9836829237153,-0.1892594179746364,0.3521215782847589,15,225,-3407617
B,152.26291454168478,367.0237616956427,-0.02632915041891851,0.10933854262443793,15,225,-3407617
B,438.16650369883513,412.30893739181084,-0.03268883161054716,0.20947334418183694,15,225,-3407617
B,112.67339148955924,353.0195044810249,0.030825720849516184,0.27429566213958495,15,225,-3407617
B,450.6695911875706,438.59943438288497,-0.11626366354342538,0.3832053034236857,15,225,-3407617
B,293.5650298565176,419.17846167648844,-0.08561863418016373,0.49225380316716033,15,225,-3407617
B,424.922068585518,438.88917196365486,0.2666837449547132,0.21224955846216365,15,225,-3407617
B,386.32165580484656,472.8015071336931,0.016373618057517848,-0.0538929988499227,15,225,-3407617
B,485.3158741046935,413.02118298313735,0.18501797971440456,0.16797663732858906,15,225,-3407617
B,324.9748226506212,360.14072639937564,-0.062178790288180415,0.21533166410262294,15,225,-3407617
B,703.3009808438854,305.1324016338628,-0.012937097839132716,0.24757051540283218,15,225,-3407617
B,239.0871551996648,470.103728442678,-0.306385411541776,0.08252175832611036,15,225,-3407617
B,508.37401414842003,421.05329582776943,0.2212627620469239,0.00980130148930155,15,225,-3407617
B,220.9201416169313,376.9032506390378,-0.009095820441058356,0.2881615909403715,15,225,-3407617
B,576.0881429871877,306.66340620119735,-0.18056179910123335,0.1662422638105414,15,225,-3407617
B,147.59745915526847,387.14821501496397,0.014579009245355736,0.1386936956412423,15,225,-3407617
B,324.62895329256827,470.82301166324925,-0.2443477909870538,-0.06920765237302696,15,225,-3407617
B,508.6916706913315,352.03423061585295,0.10688229669128398,0.12745806914858474,15,225,-3407617
B,222.63178079595923,402.7448378590652,-0.08123266777162004,0.3742799779074548,15,225,-3407617
B,567.1737699479976,465.5621574329435,0.15331446351131503,-0.08668042531967811,15,225,-3407617
B,130.42009091197306,468.1793316908202,-0.08948782396121004,0.046895207627928995,15,225,-3407617
B,473.98233129386,387.9813196244433,-0.0034290051343049285,0.39797784673701714,15,225,-3407617
B,130.25846337273757,407.0026750226143,-0.10492174114384088,0.28150437543414447,15,225,-3407617
B,562.5315608264189,434.7914013592576,0.2667206506080833,-0.23990146284785413,15,225,-3407617
B,215.30902999729642,474.13585267218923,0.028338727824715138,0.3290205216857898,15,225,-3407617
B,250.6494090776426,450.92183096533944,-0.17779216481791044,0.5339448254816981,15,225,-3407617
B,341.24162731481385,391.4209085821457,0.008916397334878477,0.37063213502269,15,225,-3407617
B,352.224511207952,462.1158926407958,0.05225962181611879,0.4267688554078726,15,225,-3407617
B,606.1749915298902,469.94963533124223,-0.02537554634103507,0.08356482876494346,15,225,-3407617
B,443.0431563482686,351.6219631298832,-0.144064849729066,0.40632268822056905,15,225,-3407617
B,203.41088235669412,446.5961707073874,-0.49481145567412854,-0.29627180643367407,15,225,-3407617
B,548.5391959573443,388.3729661888628,0.2059736049239775,0.3735806121322901,15,225,-3407617
B,412.69304478396487,415.4479482266939,0.01009247158633539,0.18076320158660988,15,225,-3407617
B,445.0535197273467,482.15315666671717,-0.1804464483656857,0.2500295886904281,15,225,-3407617
B,284.27834944956425,337.96518902745373,0.018744387487914172,0.3703841943271389,15,225,-3407617
B,605.3319183336889,355.0446772858084,-0.027795190866464193,0.232867456411942,15,225,-3407617
B,324.1989747763578,383.1407886183497,0.009863847106759978,0.44816943730084696,15,225,-3407617
B,620.6442473381416,292.384064874206,-0.21826042424289047,0.24006418148521042,15,225,-3407617
B,133.55004667930814,321.5160459383257,-0.08040149251571789,0.2794883826319741,15,225,-3407617
B,118.51344457197253,436.0392213510572,-0.18389061875134172,0.026576178530978486,15,225,-3407617
B,631.0765753257789,472.07606087060356,-0.24483421073909858,0.155113881239634,15,225,-3407617
B,146.55480606078333,445.14323336209725,-0.08613456182542004,0.15626120206433386,15,225,-3407617
B,511.1500311653367,463.3701116408151,0.046534837803771975,-0.08458557055156987,15,225,-3407617
B,363.97479122515534,389.9995856273023,0.008396505788538384,0.3600492334722948,15,225,-3407617
B,256.1896893003204,430.6821098884574,-0.04448360140582032,0.24861647325980857,15,225,-3407617
B,529.574619205423,402.94285350815744,0.03807938400116176,0.5074754409148129,15,225,-3407617
B,257.5765313274221,307.9571024216182,-0.061671960288961845,0.41016102132867466,15,225,-3407617
B,475.46899941044614,429.8042934922465,0.21536779473816017,0.18085014977873892,15,225,-3407617
B,484.93935448628406,343.7260914899546,0.17774874683504294,0.25578831113959855,15,225,-3407617
B,455.31178899656777,484.61255157276315,-0.31351563808389005,0.30391258295520357,15,225,-3407617
B,591.727764990343,303.83801766682524,0.04138732651989958,0.3032456059785386,15,225,-3407617
B,289.63481651253176,469.82508275811557,0.17062488448102078,0.25854245181996516,15,225,-3407617
B,419.5064858540522,485.0,-0.24148971704893488,-0.2112863995126561,15,225,-3407617
B,295.81931058354144,365.2457977303544,0.06893245578096906,0.2247343985370562,15,225,-3407617
B,244.78383692864944,407.5895313671762,0.014393409276477262,-0.08513855477510927,15,225,-3407617
B,458.21781511511057,401.5179295203148,0.06191773891551844,0.35447844635374903,15,225,-3407617
B,342.39187588245085,368.2065556328574,-0.05059327956466083,0.41859572941366274,15,225,-3407617
B,468.13572773085957,279.98688698436086,-0.08775252498647054,0.23242697156478898,15,225,-3407617
B,251.39572629432843,382.15241836770537,0.10272899284069685,0.21099400673298493,15,225,-3407617
B,326.32808167243377,441.9358929674947,-0.16180698978012018,0.43571367688993545,15,225,-3407617
B,491.94754147106295,458.7294562985251,-0.005111238320448225,0.5301096202578743,15,225,-3407617
B,137.2817835841299,347.59797741208035,0.04025415945956967,0.2322158851473196,15,225,-3407617
B,304.1203587641881,445.3808964943839,-0.11074210372956489,0.4698266162120506,15,225,-3407617
B,361.8398097489519,434.46845847324727,0.1745247523387027,0.1436696185772755,15,225,-3407617
B,243.01587755074056,359.42377939572197,-0.04886313250300618,0.3821646272779903,15,225,-3407617
B,444.265339432001,376.7002119906586,0.10419127567580418,0.15016298203834663,15,225,-3407617
B,183.68001605980064,315.756637188422,-0.017460982853479686,0.19035732105304026,15,225,-3407617
B,607.067521503453,279.89086262116496,0.0810899285051612,0.43473687732207994,15,225,-3407617
B,306.55096053038335,346.1817809766891,-0.23142786103034166,0.38417536940780156,15,225,-3407617
B,564.1195718376013,389.4396432015421,0.07912471330049552,0.18686438762776128,15,225,-3407617
B,271.7045731471993,358.77302208380473,0.024588625613597963,0.24424011156418665,15,225,-3407617
B,373.12902836781285,289.32896019417296,-0.03681104208101616,0.3680878787724837,15,225,-3407617
B,270.4598919194739,402.6481630799311,-0.006529673525230989,0.5044980132378057,15,225,-3407617
B,715.4886677303042,405.1802052304352,0.0938587997438954,-0.03418617047025628,15,225,-3407617
B,391.98567753259414,400.1917128538749,-0.16216728066274688,0.438714312503747,15,225,-3407617
B,642.8238582885937,398.1784068565407,0.11100878574295385,0.058335500246056146,15,225,-3407617
B,407.045749765442,325.6133043742075,0.1405699971612971,0.3382879045599794,15,225,-3407617
B,541.7906444616923,423.338003927252,-0.11816631144597174,0.2123905232564413,15,225,-3407617
B,150.71001546595346,214.81642249017844,-0.06618780572668985,0.22005104497034536,15,225,-3407617
B,597.2900724962208,385.62540561292695,0.11467773967691677,0.2091122017407957,15,225,-3407617
B,327.117159769923,300.39553671697985,0.034468820772048395,0.24795085884563228,15,225,-3407617
B,486.5939771443831,292.96195280589734,0.1874265352768058,0.2245484449307884,15,225,-3407617
B,370.4024821009717,363.05661458265985,-0.2004955191107073,0.31345701083104804,15,225,-3407617
B,533.2290148268042,319.07841014034045,-0.008324051336393896,0.2319302424768643,15,225,-3407617
B,339.85069643691895,414.060643897684,-0.2413912610659753,0.030446866546581814,15,225,-3407617
B,396.01420464281495,332.80413886029993,-0.095933056661117,0.2792714675301963,15,225,-3407617
B,328.4632728643414,328.81466073969165,0.1258425279307492,0.3840766119747207,15,225,-3407617
B,710.3881310540472,377.94223695252776,0.0768718982284634,0.3834466845130818,15,225,-3407617
B,299.21389665683193,394.0920417878974,-0.10454046045077996,0.38431674859566334,15,225,-3407617
B,636.385810085129,427.4794569286774,-0.11614066631079922,0.26083970200372725,15,225,-3407617
B,524.191746320138,365.71181709217086,0.1453379803677812,0.21712823700830944,15,225,-3407617
B,316.5834797759187,297.6500931857871,0.1782358191466467,0.10562571677807439,15,225,-3407617
B,421.30264783038945,388.5116131103889,-0.11629377725260587,0.5142558310568754,15,225,-3407617
B,388.8487246347695,372.51823704460577,-0.08004088426303786,0.29856046230875155,15,225,-3407617
B,465.6894724042869,358.9068681300834,-0.03645220403048797,0.41480535503022575,15,225,-3407617
B,435.14268916155135,319.72065818642074,0.08284386198250417,0.3406566590613479,15,225,-3407617
B,725.0,331.7446655612024,0.1969550579875738,0.13691625091673446,15,225,-3407617
B,390.6243305027064,270.4088040221014,0.11233443119340632,0.21297176491302325,15,225,-3407617
B,589.4071976852925,445.07311850140707,0.05945322152035517,0.09346328952865156,15,225,-3407617
B,459.0104483660832,336.04611886874716,0.16251124786222676,0.30083649835766635,15,225,-3407617
B,262.54427752724854,332.5078871044761,0.1767421957015138,0.01747181862819952,15,225,-3407617
B,520.855220804394,374.17602729289916,-6.755962317544278E-4,0.007527188097825571,15,225,-3407617
B,347.8795073938027,307.78256003925566,-0.08490417468006237,0.273912314651971,15,225,-3407617
B,487.3479293922777,255.06943192812594,-0.017795327678477576,0.2704820187763319,15,225,-3407617
B,413.71714210992116,361.8247443869765,-0.0362919855000157,0.5804734441002896,15,225,-3407617
B,206.37681203786934,253.42922345368407,-0.013938272391905157,0.01410499498053422,15,225,-3407617
B,389.94349785355496,246.9343594361681,-0.12980490225653954,0.14556398051745054,15,225,-3407617
B,342.5019442602059,343.72497745182767,-0.009066085492562909,0.2991705056796618,15,225,-3407617
B,257.2748721871802,257.86993709129587,0.08236813116118123,0.1371075662911526,15,225,-3407617
B,427.6245057915927,335.24307334421235,0.15269404242646795,-0.012515320529383235,15,225,-3407617
B,276.0138387678005,312.315944190549,-0.11243889665006,0.29025028934378405,15,225,-3407617
B,282.64338545259176,286.2428523219644,-0.008274434306784543,0.32905505328546675,15,225,-3407617
B,368.89436765320477,340.71959168884155,0.05643946866654116,0.16408072887624203,15,225,-3407617
B,303.73874109036103,321.6753034302684,0.08821535706250629,0.40744441898562805,15,225,-3407617
B,354.14519698744056,285.3699318980017,-0.032029556382964786,0.291396636233164,15,225,-3407617
B,374.16388999428324,314.40145156199094,0.03875234598818037,0.2680673487099995,15,225,-3407617
B,374.2862868474618,265.17386120912533,-0.07686569879969164,0.48632581664301683,15,225,-3407617
B,414.3612806668064,462.13476266311716,-0.07668562314912276,0.31874496365405475,15,225,-3407617
B,484.9306957792498,485.0,-0.16618362345347265,-0.10409236322207281,15,225,-3407617
B,497.15546380555026,395.8938171074295,-0.10347410219850603,0.3052993874569637,15,225,-3407617
B,461.94759597871047,458.6722683987368,-0.0902952718567673,0.11722687375879966,15,225,-3407617
B,548.2815321466275,319.85016014680605,-0.14375147761740384,0.1805822035810819,15,225,-3407617
B,703.6410229124967,287.88999630279983,0.033655278756206254,0.3322985378173072,15,225,-3407617
B,507.1231234084955,331.8071946977063,0.11206876516126194,0.08376537682347418,15,225,-3407617
B,711.0299417715523,353.94007888517604,0.04478015219221618,0.23100197701566663,15,225,-3407617
B,491.34100599501295,366.46267577092203,0.22625902790971922,0.25672676488990015,15,225,-3407617
B,528.0922877678531,301.35450842060794,-0.03386094694547321,0.1449112151886506,15,225,-3407617
B,393.7805372239219,300.3093150287872,0.12211980066303701,0.3538112079141498,15,225,-3407617
B,679.6513340547588,367.8012191193516,0.018643391572147273,0.2939959602963203,15,225,-3407617
B,484.5472663069598,320.19097530976603,0.11609428897983005,0.2841027461221018,15,225,-3407617
B,674.6915232631561,350.3303313893791,0.04636926360686239,0.12454560024155897,15,225,-3407617
B,512.1145607876849,255.02027857217522,-0.15781991509250703,0.25589591805618706,15,225,-3407617
B,487.4749510177433,273.2027448058972,0.029949888105486825,0.3097628223030179,15,225,-3407617
B,658.1769090836186,269.0570867428877,0.0763551851371518,0.23548309639758694,15,225,-3407617
B,673.0612562179018,320.31311397317614,-0.16478474086972583,0.29932899311884203,15,225,-3407617
B,554.4515766461086,365.0190985603974,0.29318091896422444,0.28628021767028394,15,225,-3407617
B,511.543126232575,280.54082557963915,-0.05754105177938686,0.18387066357941012,15,225,-3407617
B,685.4528093496406,397.2349223250794,-0.03509810013159076,0.031105686622487718,15,225,-3407617
B,568.3261769073829,238.26198923311887,-0.08965773159684602,0.12715668483797066,15,225,-3407617
B,597.985209797453,235.45022733320263,0.04951064837312066,0.14873273619210725,15,225,-3407617
B,562.3922237756527,333.9853737110439,-0.10665673436515477,0.1525658737887562,15,225,-3407617
B,504.5141377982656,305.20762503998935,0.1408758707311044,0.14193352324149638,15,225,-3407617
B,590.4955928247385,254.52407833478165,-0.06921903244706691,0.30007215894918926,15,225,-3407617
B,629.1273489001736,273.38028480880484,-0.06194104780903712,0.18015311788234606,15,225,-3407617
B,612.6947323479169,318.5125777101641,-0.006434243234067358,0.19168739623561207,15,225,-3407617
B,610.9432371096469,249.89348836246592,-0.10642001354582277,0.38949526362635184,15,225,-3407617
B,695.1457875257414,242.0682812041219,5.631902170820053E-4,0.3567799451501481,15,225,-3407617
B,699.8650553853352,330.7911942922256,-0.10174927770652145,0.38971683365562554,15,225,-3407617
B,725.0,253.59833844008784,-0.022517565616693845,0.2469719967105361,15,225,-3407617
B,627.2949387203032,370.2202019956795,-0.01807426942009827,0.30534333461609586,15,225,-3407617
B,667.0587336932136,249.8832863862383,0.25840896371653344,0.2120037278850448,15,225,-3407617
B,646.6473537146369,291.40055654784607,-0.11824561936943491,0.3185954351727494,15,225,-3407617
B,725.0,232.67790743287156,0.06086325582336027,0.32773975839149944,15,225,-3407617
B,617.7540532992444,209.0834607112172,-0.11404779652340524,-0.07183195521821546,15,225,-3407617
B,675.7157636482632,227.7391867803957,0.07660181778086858,0.03612015860212975,15,225,-3407617
B,681.3346227152642,264.354576706328,-0.06974837521370021,-0.0038731130421842427,15,225,-3407617
B,535.2506829056498,232.77533428883518,-0.06938096715683237,0.27937556216740894,15,225,-3407617
B,571.3254089215421,124.25000854702098,0.10797595611168753,0.13607605713850007,15,225,-3407617
B,597.228332411079,203.09080779320897,0.1909237619949409,0.39337708541264343,15,225,-3407617
B,300.070768013492,281.8658155183017,-0.04055532842895157,0.4244622764235049,15,225,-3407617
B,189.91954323550908,339.90111529762555,0.04855071917273515,0.14041670476938128,15,225,-3407617
B,81.23268499918363,274.78233487751237,0.0347694105475412,0.22565047064833174,15,225,-3407617
B,76.35498938933735,312.5811628729968,0.043027248818250444,0.4210913890950666,15,225,-3407617
B,230.49456071740437,298.64515084919486,0.2560052995209278,0.045981450554028705,15,225,-3407617
B,146.14105583738592,243.47325113305263,-0.09485809144058861,0.2860743956933503,15,225,-3407617
B,199.93322540965931,301.5652696673912,0.08202289254866109,0.20078274370279944,15,225,-3407617
B,108.06810581343015,325.8205341548853,0.033181196614650695,0.24441740814531202,15,225,-3407617
B,270.01892024241624,236.86361135193218,0.01579737577327525,0.36741040855836454,15,225,-3407617
B,215.30973924483897,277.9949676834339,-0.055781280971145784,0.19744961363864977,15,225,-3407617
B,291.7394083360569,231.43914167873498,-0.1027762021899857,0.2980745799302385,15,225,-3407617
B,343.1621795000649,259.48202045779755,0.17387574117067547,0.2876365190588652,15,225,-3407617
B,157.19284711848582,267.5665236885679,0.06012206183151523,0.1736338532374659,15,225,-3407617
B,235.71714766147804,268.9988120224758,-0.11975740708967067,0.18480393594826874,15,225,-3407617
B,121.43852488980092,302.1343125606741,0.03607823861081476,0.15759339741125186,15,225,-3407617
B,282.7597932067998,256.96231656762285,-0.049025828753587956,0.28688783890039365,15,225,-3407617
B,205.01551456798896,197.29072274001987,-0.04094039844489223,0.23517704978465923,15,225,-3407617
B,220.6007543854729,249.25649211960655,-0.18851191831236297,0.3079780741738891,15,225,-3407617
B,328.3313617781088,276.9435338119504,-0.04477827730032363,0.17348788358689032,15,225,-3407617
B,163.59432665127102,230.9849258628992,-0.014328707814290513,0.21157802066229603,15,225,-3407617
B,248.23189507248216,239.72963487583232,-0.01818273419619337,0.17640725627332945,15,225,-3407617
B,137.42744987262907,270.5029191587342,0.07979280303079364,0.3362502229936388,15,225,-3407617
B,93.49203129096988,298.96525656676096,-0.06062369986485022,0.30719965157875967,15,225,-3407617
B,184.0971917290268,179.20129110275101,0.01932723642703762,0.1377412654780005,15,225,-3407617
B,320.7894550232259,231.33512281961603,-0.11092189969096479,0.23742849998168708,15,225,-3407617
B,133.4331851523644,170.2746760090984,-0.12582426407563924,0.24835603507420165,15,225,-3407617
B,367.5697255437535,186.50125926998155,0.16262227200349805,0.3713004267603704,15,225,-3407617
B,89.73788013077626,248.49922983675376,-0.05523759436432393,0.1867726521574359,15,225,-3407617
B,105.94287389041449,277.26846625100256,-0.05989403409962165,0.2941625911262927,15,225,-3407617
B,369.1094494053309,243.23020457746722,-0.04154872278075254,0.2563103953340793,15,225,-3407617
B,342.5651129911767,174.07541633967898,-0.1906993989793067,0.09451865214579175,15,225,-3407617
B,103.22028504831289,210.2869447892388,-0.17812374106927867,0.1833512531714306,15,225,-3407617
B,108.70421833102941,183.2879140170971,0.03492219991523462,0.2460055151440492,15,225,-3407617
B,344.5750429554855,189.7581359462398,-0.009769127504982763,0.1673153532179342,15,225,-3407617
B,303.03396211804267,209.02338329639605,-0.1217049465793775,0.2979420626666442,15,225,-3407617
B,65.0,238.6697364345414,0.1696149621901585,0.21618175792996908,15,225,-3407617
B,343.0418710920881,234.50074673856946,-0.08120805987522364,0.22328771177127882,15,225,-3407617
B,221.8936164960015,219.19928382710975,-0.14340636478253493,0.1581089895335577,15,225,-3407617
B,65.0,208.25859782498887,-0.08966697464987777,0.07561891361727002,15,225,-3407617
B,65.0,125.64618051977385,-0.002108623767270719,-0.0797171690343735,15,225,-3407617
B,86.94360986267482,222.92579280395742,0.07242581087536196,0.235329316542064,15,225,-3407617
B,385.0501567792484,112.63029127979698,0.01900193998836013,0.12068382094915421,15,225,-3407617
B,89.942949678962,196.15081053580263,0.0778393065315376,0.23082193425241976,15,225,-3407617
B,65.0,182.6211411357238,0.09102652585165112,0.06646698065938023,15,225,-3407617
B,324.6121028624118,212.0320280937838,0.055956940233889634,0.3066095502334832,15,225,-3407617
B,65.0,151.3686578225263,-0.18888773608087658,0.07696610853219508,15,225,-3407617
B,247.7286974515464,141.00539569173736,0.26950371931977984,-1.8668700104634118E-4,15,225,-3407617
B,389.76955836639485,195.54254373696,-0.1638075454574078,0.23125508316393217,15,225,-3407617
B,285.0966869255882,184.13169598587547,-0.1519554306487046,0.4052356791178709,15,225,-3407617
B,359.1098702286426,163.7260160003372,-0.012558817483982182,0.24294394996245197,15,225,-3407617
B,84.93336002436752,140.2879437075496,0.17691280458627265,0.016612339779711143,15,225,-3407617
B,65.0,65.0,-0.39494484715218015,-0.2894116202126969,15,225,-3407617
B,65.0,96.77344828791023,0.30842556686455747,-0.07855446903328946,15,225,-3407617
B,82.20509815498376,85.94372615096106,-0.09063186877004858,0.16951231029031266,15,225,-3407617
B,360.75712779318906,112.91928381212469,0.28280693523039985,0.2627768692803818,15,225,-3407617
B,120.22965914232465,256.1815145228795,0.10987187962144367,0.5778831512060087,15,225,-3407617
B,360.84864925908613,65.0,0.38963367556374096,-0.11699235499001642,15,225,-3407617
B,241.59855311486166,165.47482153614948,0.0926028766540878,0.021257755258186305,15,225,-3407617
B,84.14505865564117,169.02283619665866,-0.04603278906974235,0.1922901649244159,15,225,-3407617
B,301.87826857684354,109.21135413796517,0.05493892393121143,0.20909239347724007,15,225,-3407617
B,87.21451256712093,65.0,0.48431007090454475,-0.3913982807549223,15,225,-3407617
B,127.31746797634354,228.22924476370025,0.07862895568033357,0.23332880483690466,15,225,-3407617
B,368.8814171315926,129.2816601313254,-0.022156392788619597,0.16994892964812275,15,225,-3407617
B,84.51059531328112,115.97437567610832,0.0763941216454908,-0.003957639493280807,15,225,-3407617
B,108.03743717515958,99.95586581011099,0.059119143624911906,0.29590561291487316,15,225,-3407617
B,157.7444989058881,65.0,-0.19710048919026513,-0.12137767190834359,15,225,-3407617
B,104.7850512068362,72.36663570236762,0.07146464147068048,0.4686446536232419,15,225,-3407617
B,109.46358282206366,125.62247044448118,0.05793741310742392,0.04422758256875183,15,225,-3407617
B,335.6818070060616,65.0,-0.027094348199228353,-0.7364014862946664,15,225,-3407617
B,348.3390553961656,84.67886458080262,0.1721713910975495,0.13268350235904833,15,225,-3407617
B,173.60195154531408,65.0,-0.0680897946643226,0.05109346483145509,15,225,-3407617
B,246.3155360324951,216.05751525457913,-0.05795396227755793,0.19229704881039697,15,225,-3407617
B,131.20297702707458,87.0542438534669,-0.03766324672288534,0.1729700218571836,15,225,-3407617
B,282.3208846560619,107.97556101479344,-0.11255581840961186,0.20023767791734384,15,225,-3407617
B,250.52759021580334,65.0,-0.24444236975179534,0.17012395585043422,15,225,-3407617
B,232.18741063439361,194.5921344496202,0.167567227494059,-0.016888932269133974,15,225,-3407617
B,133.50003363843015,65.0,-0.12455715561252395,0.2556357314513087,15,225,-3407617
B,321.9776036025099,86.62179985831447,0.07515221373403053,0.04288807499568955,15,225,-3407617
B,107.35706030152917,159.76317824847632,-0.1772290488959823,0.022068700377916996,15,225,-3407617
B,213.04874225758184,179.05798633173225,-0.0423874074979864,0.2011073196124007,15,225,-3407617
B,310.1347033960296,65.0,-0.22517610535099664,0.1569789159575987,15,225,-3407617
B,129.1276171052685,149.5586288101134,0.12113512538505272,0.19965390101670755,15,225,-3407617
B,231.57371733974514,65.0,-0.15795233143438012,-0.331661161684156,15,225,-3407617
B,336.51555167433014,106.45742043907046,0.45252616797150375,0.32724303467521587,15,225,-3407617
B,131.99775340978204,199.7682952776809,-0.13551113270062992,0.28560750938548796,15,225,-3407617
B,277.11621607743365,65.0,0.09907211643268549,-0.07046099534608231,15,225,-3407617
B,199.25658883212452,65.0,0.05346513753509611,-0.22621581480729105,15,225,-3407617
B,269.38952785324915,129.6061136893148,-0.0019392420231382293,0.05988434028012624,15,225,-3407617
B,163.62778156243436,159.3841954404721,-0.3075423964845086,0.06021627461898925,15,225,-3407617
B,212.60026927339712,84.00003125803214,-0.0946077636946831,0.288556318334716,15,225,-3407617
B,134.75710187785336,114.59401245270287,0.0732799756871626,0.05827602772120233,15,225,-3407617
B,226.5533756916904,150.7758593690471,0.0878824543659398,0.3704215765158064,15,225,-3407617
B,157.31459085560238,87.2210383772251,0.08780377528984398,0.15683090979074463,15,225,-3407617
B,225.32331693177179,118.96761394584436,0.014256886594546306,0.26403014844546857,15,225,-3407617
B,171.71073333595476,110.25086280846769,-0.0689757734895057,0.2508927797215305,15,225,-3407617
B,193.8579206351393,162.41070110137082,-0.09278031457950577,0.2352739426683859,15,225,-3407617
B,185.8812860688183,85.9970165314276,-0.11155995937667695,-0.13136229842166985,15,225,-3407617
B,201.85250256632355,106.24475565675948,-0.10318623802656854,0.38622903203442527,15,225,-3407617
B,464.0773802885663,306.8181880832723,0.037256936802009685,0.27915418097908806,15,225,-3407617
B,385.970758652195,65.0,0.30593511766597853,0.00647648857720971,15,225,-3407617
B,374.0213859425472,221.60624234959135,-0.13393502578507357,0.18834476321061913,15,225,-3407617
B,440.83035677659166,232.17923320197824,-0.057861200767951516,0.18099306866161335,15,225,-3407617
B,355.7551830575223,207.62929497412415,-0.0038386737794240257,0.2804273627124116,15,225,-3407617
B,496.08814744409506,65.0,0.16088565500146637,-0.11419827600435499,15,225,-3407617
B,374.6878620259191,90.04573848700325,0.0027293838469928233,0.0808514420836861,15,225,-3407617
B,398.509233491698,133.26954824555278,0.021980423383380944,0.17846844430413517,15,225,-3407617
B,411.61457891923106,65.0,0.37166422495852175,-0.36653422271010944,15,225,-3407617
B,389.93665992617116,175.0598062349493,0.08833393806034995,-0.07380064464877549,15,225,-3407617
B,439.09826430810864,65.0,0.13787510855562748,-0.23418440818974667,15,225,-3407617
B,425.32623282133966,83.6236249128162,0.06534004864681606,0.2663218810076677,15,225,-3407617
B,476.9160198267567,133.33492378455418,0.09388726104200068,0.053837758157546635,15,225,-3407617
B,399.70243504405823,88.15268274002645,-0.07741250354198832,0.09476340009210815,15,225,-3407617
B,450.3090662378039,84.74091474451676,0.25041835265451823,0.10598820632922956,15,225,-3407617
B,628.5153148519984,343.84437460644887,0.04762167665488135,0.25307792061159295,15,225,-3407617
B,639.6948739181768,251.90363808761805,0.010772360750437809,0.09918649384344207,15,225,-3407617
B,518.0259991699227,65.0,0.2040309680916538,-0.3488331535117892,15,225,-3407617
B,380.27140388158114,149.57972662072285,-0.07622641932379443,0.09041053925784548,15,225,-3407617
B,725.0,201.2761180179669,-0.22610630090410097,0.4106650016295166,15,225,-3407617
B,606.9644299231339,152.5558323821329,0.13038570898055607,0.3047835909295979,15,225,-3407617
B,725.0,146.81463562891417,0.17675232771273255,0.13297214634500576,15,225,-3407617
B,725.0,173.7108341598254,-0.11063736738647761,0.2344593664210978,15,225,-3407617
B,538.1071844547772,86.80574438338685,-0.4010423197426732,0.27354248964895084,15,225,-3407617
B,725.0,121.39001669820104,0.18572549084319623,0.025650354338595232,15,225,-3407617
B,710.6689188397556,266.6132881498173,-0.10176753209315001,0.3095282682286684,15,225,-3407617
B,626.9590866567451,65.0,0.41787548145385994,-0.27542280829455984,15,225,-3407617
B,648.9766738787956,220.38881854405938,-0.07557809862895395,0.22236714016165113,15,225,-3407617
B,704.4787954421184,160.35648423718067,-0.05192554177915558,0.2361600576047378,15,225,-3407617
B,604.7801722839514,65.0,-0.3399952896885918,-0.08275956439797082,15,225,-3407617
B,648.4315671739786,143.18111185893972,-0.025221524488700603,0.12335024423973492,15,225,-3407617
B,573.4827357660931,65.0,-0.2087235132546955,-0.17434632167719535,15,225,-3407617
B,725.0,65.0,-6.964509477503222E-5,-0.237338651880984,15,225,-3407617
B,706.9288130860501,221.99828973204285,0.04787317499143621,0.3144235669385551,15,225,-3407617
B,585.0084523691085,76.05815116552856,-0.0168629319768858,0.4047016756727311,15,225,-3407617
B,672.8531280902745,65.0,0.4175515028303639,-0.21999019800329803,15,225,-3407617
B,622.2243128138679,113.37413130919768,0.07816885278460159,-0.06655960806331354,15,225,-3407617
B,630.8414953804926,164.07079758141302,-0.06364641428725482,0.49973891741737964,15,225,-3407617
B,725.0,88.86320234693154,0.2903186062344441,0.12839509740254007,15,225,-3407617
B,613.3201059733844,80.7294145542084,4.808980785217129E-4,-7.80577572998179E-4,15,225,-3407617
B,624.8180533508262,140.30206924638566,-0.0018159212407648994,0.34714215092680595,15,225,-3407617
B,650.8271124704464,65.0,0.28879558707374015,-0.11045829001246503,15,225,-3407617
B,710.5419448185403,182.08405957588553,0.2541299551977709,0.3713958751218611,15,225,-3407617
B,709.072106377811,65.0,0.0200440436406141,0.18494904014819508,15,225,-3407617
B,668.8252422238381,127.6046988470905,0.35427721839808957,0.006204000907683957,15,225,-3407617
B,692.4309753309797,204.6855099470294,0.08734869692975797,0.23347616183025055,15,225,-3407617
B,527.1341673965893,163.00197611663182,0.07568115191255508,0.1878842262052749,15,225,-3407617
B,578.1961123379409,223.29433171182268,0.02460890763678246,0.11216983789530359,15,225,-3407617
B,601.0332948970646,98.06896509379825,0.2417732048629657,0.2924264397017256,15,225,-3407617
B,537.5426672407673,246.65065075110886,-0.0951705455732684,0.317398507101276,15,225,-3407617
B,646.9938577958285,120.25350230399349,-0.28705224081741637,0.11099220950737948,15,225,-3407617
B,526.4131682601377,208.5429842636376,-0.136161414785073,0.15541917426512927,15,225,-3407617
B,641.1734004406431,316.6456086559403,0.2336815922987136,0.3008882478821056,15,225,-3407617
B,622.651124914699,226.25069425684876,0.11437769764294643,0.325297691314536,15,225,-3407617
B,448.8990909315328,290.7175866590682,-8.660994014650663E-4,0.25399432756984586,15,225,-3407617
B,515.6283539567635,177.66956522105548,-0.021900106292943235,0.1291807484283323,15,225,-3407617
B,489.12721598626524,179.6831635858848,0.004896786900942336,0.07388020029105638,15,225,-3407617
B,549.2978384270895,112.20446110911853,-0.03418611466611061,0.6261057338363246,15,225,-3407617
B,478.5428083683109,200.79848760874904,-0.17092308795730443,0.10344601466353578,15,225,-3407617
B,598.6513171641792,129.82752851493527,-0.11881192471517926,0.24637712707047182,15,225,-3407617
B,467.5754548259754,65.0,0.22436038983830378,0.07253587976973218,15,225,-3407617
B,413.88264203297,157.7971005053743,0.2592634734143685,0.28556743629948045,15,225,-3407617
B,571.3007278419262,196.6515338141168,-0.06397956153220297,0.15315656039634373,15,225,-3407617
B,443.2569763558806,154.50569192528258,-0.027837413658974058,0.22422200857156566,15,225,-3407617
B,442.327517761107,107.41684157774411,0.09633068780465759,0.04139400352102704,15,225,-3407617
B,479.61054090366594,81.77612584200706,0.15905295460698218,-0.0077528811703240245,15,225,-3407617
B,471.1875857496705,157.27916742178263,0.027894160346721472,0.15651178177022104,15,225,-3407617
B,576.37507283489,111.2914725808832,0.0366751072128308,0.688411696609144,15,225,-3407617
B,425.67845282588877,137.01477808240006,-0.1173755622874301,-0.08903605156200477,15,225,-3407617
B,543.3746422435347,65.0,0.26535446153378717,-0.058733097097876906,15,225,-3407617
B,550.8434225128724,139.0172255734941,0.1829164605931577,0.4126405373580323,15,225,-3407617
B,502.95273916806775,200.51895192113625,-0.11537922069296151,0.24840987747576246,15,225,-3407617
B,559.4949371530467,87.38503849371085,0.4608482370396458,0.660665115380472,15,225,-3407617
B,465.9341937316676,109.13615115245595,-0.058006818842418637,0.02519156340640412,15,225,-3407617
B,530.1013230677951,140.84470724178064,-0.08544461808744874,0.07801574112304482,15,225,-3407617
B,580.2713477026737,145.4214973218269,0.006154389363204277,0.24014241357217483,15,225,-3407617
B,510.9888634598827,84.6746222512558,-0.18282805819089717,0.344027257849105,15,225,-3407617
B,488.91015437511754,107.44227088635819,-0.11619313143109337,-0.024880296645678607,15,225,-3407617
B,675.9899989215489,293.8746545602844,-0.004739066419203826,0.22143097913335674,15,225,-3407617
B,539.825931370457,342.3084221276244,0.054640808077113134,0.18008354669692375,15,225,-3407617
B,555.2146236636688,295.2981498463631,0.017643018984470148,0.17198182884921387,15,225,-3407617
B,581.9355999375138,280.0438050612778,0.011826633711038825,0.40699560704333015,15,225,-3407617
B,258.65315303633565,288.336331445724,0.13138531180070243,0.15131081434332322,15,225,-3407617
B,177.58198056813598,251.75928800778206,0.009228446612041117,0.208891818229135,15,225,-3407617
B,107.65477506863525,399.6090319651349,-0.15914353562924027,0.1552674580843257,15,225,-3407617
B,194.113215549657,272.7687855158717,-0.053433560865218444,0.2520934243012459,15,225,-3407617
B,241.1269740297594,325.81785278974735,-0.04141072124998164,0.29976041648240004,15,225,-3407617
B,178.06623495191957,295.0127519432106,0.06262484205356053,0.1294679288650212,15,225,-3407617
B,217.614351386018,352.46254657632414,-0.002178815717856401,0.3253258023379624,15,225,-3407617
B,146.17949017510716,292.50951790321386,0.027947280107299403,0.4516511006603489,15,225,-3407617
B,158.2870725391922,417.53247597879454,0.04908007928653718,0.40536008418701963,15,225,-3407617
B,163.1277269328502,346.01416630799525,-0.18853739518154516,0.3683684152790772,15,225,-3407617
B,157.4359360963376,316.5590561049525,-0.08937933315319457,0.3501141595430186,15,225,-3407617
B,177.31772375147025,391.2354967928395,0.03234636334379958,0.2998990257888946,15,225,-3407617
B,210.2172599488761,323.38879487017925,0.1636072887078275,0.01407308357842283,15,225,-3407617
B,440.52568616618055,262.0867628830557,-0.21783827064231143,0.21303138798773918,15,225,-3407617
B,465.4786501296279,182.3769975873294,0.19108396677128803,0.27742017855716194,15,225,-3407617
B,417.7393114454309,277.4415244275249,0.06374875484654696,0.16279792261594347,15,225,-3407617
B,324.0555063886032,157.24131457976682,-0.08753597782500061,-0.23245403394815803,15,225,-3407617
B,269.4525389399517,158.68045211931735,0.0846157426432642,0.06932270356604905,15,225,-3407617
B,260.05424064440126,186.01963309315266,-0.06569489914023988,0.03182074949660271,15,225,-3407617
B,236.63644751539923,89.21319912201079,0.12504528972522186,0.28867576971945913,15,225,-3407617
B,294.44131274322484,87.77635797399353,0.08250604489065207,-0.092942367199749,15,225,-3407617
B,345.93167289771566,139.93381410190162,0.15463502901847437,0.142434099984818,15,225,-3407617
B,254.2809801136701,115.71187438234229,-0.2546020182141887,-0.08349580294287201,15,225,-3407617
B,318.5654399161341,185.3687650138714,0.013712000155099274,0.23150449004745985,15,225,-3407617
B,296.7467383841847,167.86756890961007,-0.011674134904454658,0.05901603280320515,15,225,-3407617
B,264.8365719933938,87.6302170226224,0.21780076855519648,-0.1558935681353446,15,225,-3407617
B,294.08171667803225,138.6299669133832,0.006431910594956529,0.15431339639509084,15,225,-3407617
B,320.8873594680485,125.1593502009216,0.12117550541136139,0.23695843170317998,15,225,-3407617
B,412.136811812099,111.42243673934513,0.08657747343493259,0.1109789604957814,15,225,-3407617
B,454.4725829781024,136.86035499916287,-0.09884781383696854,0.013981720562663663,15,225,-3407617
B,497.93417630511215,156.43684622491338,0.07623354563229107,-0.01466291985816477,15,225,-3407617
B,558.3343940430983,166.22032119667395,-0.05955107441757547,0.15095514987039826,15,225,-3407617
B,524.7575710125012,110.22461824702881,-0.18585621752090273,0.33077768419061826,15,225,-3407617
B,503.1512404281869,131.03727013671653,0.12862322999066614,-0.08707056639721147,15,225,-3407617
B,532.1776935146431,272.6421298017036,-0.09058825722266635,0.17136135977554476,15,225,-3407617
B,465.1612523302973,256.3661360136401,-0.12138812359103945,0.11698285314073177,15,225,-3407617
B,538.2016364684065,186.38724101135796,-0.09186644138255523,0.29017879843421374,15,225,-3407617
B,560.3669071618995,262.3772267846588,-0.11155521631313205,0.3017164655048677,15,225,-3407617
B,551.2855618202562,213.3837388839936,-0.19306653183058384,0.10362190830057365,15,225,-3407617
B,584.1248876321799,174.28394025390892,0.15597939136381803,0.44650267636853186,15,225,-3407617
B,654.3086689171397,168.12864133796805,0.22321173501191766,0.136564192641815,15,225,-3407617
B,666.166830895013,202.0030364188029,-0.11264265090494832,0.0842848915422382,15,225,-3407617
B,639.6359660421995,192.650928771581,-0.1281481861662829,0.16609109682620904,15,225,-3407617
B,703.2027499645241,131.89955329359978,-0.13568753758004742,-0.0160437280029747,15,225,-3407617
B,636.7490417488841,89.59060853614783,0.15874246279580542,0.24865263309721086,15,225,-3407617
B,680.2140377425565,148.82293423917514,0.12985068544733777,0.20081245306319367,15,225,-3407617
B,662.0947319420629,95.35659062915968,0.0923414191831671,0.24481810774071255,15,225,-3407617
B,688.9666503391519,78.64836809731169,0.2949011617798361,0.1642546951676577,15,225,-3407617
B,683.4707864338993,178.6456367988265,0.08678379119377116,0.4582029915719725,15,225,-3407617
B,713.4843774468917,104.61593731054577,-0.32052671295577534,0.15284857020326448,15,225,-3407617
B,683.9253191101974,109.74059049372812,0.31493238222691056,0.04687620865702484,15,225,-3407617
B,610.4957619310155,185.52011504813106,-0.194264366507199,-0.05338175590145818,15,225,-3407617
B,506.85107303752443,230.52081102145274,0.11537755127075264,0.16832999216195219,15,225,-3407617
B,453.6948973333795,231.02997599174458,-0.17817574236170725,-0.026877868149740313,15,225,-3407617
B,276.4997234772402,211.11039024384064,-0.04523708516710543,0.35636328691948377,15,225,-3407617
B,197.04677720751735,229.87011076139913,0.011992731923521162,0.09948058425410336,15,225,-3407617
B,179.03739956348073,208.52921378515342,-0.04380644469766594,0.17516663335289823,15,225,-3407617
B,205.43020984702818,136.28881296281367,0.06025336858842277,0.4293906660019165,15,225,-3407617
B,150.38075716376028,137.5226222734086,0.16899034778998592,-0.16816267788551434,15,225,-3407617
B,180.31997004577852,135.6138184581375,0.033267642542651195,0.21867043210015774,15,225,-3407617
B,157.56527819350578,187.57812780201007,0.01159184081990385,0.14634502800140128,15,225,-3407617
B,308.1967196500381,258.5642068258926,-0.03641368420519394,0.33705334303387013,15,225,-3407617
B,420.0228568564506,301.30824262172865,-0.009390048834500845,0.29567766046308547,15,225,-3407617
B,583.8753524112391,364.79154191722256,0.017489853714777317,0.24671000888414804,15,225,-3407617
B,590.7443546750909,335.58851454163704,0.1763486333146626,0.17967752830251607,15,225,-3407617
B,482.01970405000293,231.44484918491213,-0.0344325131810543,0.09523403390001312,15,225,-3407617
B,441.04731030859165,175.11831928427694,0.17021589319543984,0.25571724578605,15,225,-3407617
B,410.8290345062975,253.85560156292345,-0.21812376185402324,0.257817014980278,15,225,-3407617
B,409.5035588904375,186.75333826994617,0.05144352578727306,-0.051596486569677955,15,225,-3407617
B,455.7400872798844,207.55108052530852,-0.0893375451776126,-0.01594261434311786,15,225,-3407617
B,392.0302401573495,221.78927858080243,-0.022203158997227284,0.20745110750161594,15,225,-3407617
B,426.8818366521445,199.96676291622566,-0.011830445828462434,0.11759694358552467,15,225,-3407617
B,420.97529734749213,229.37956273947606,-0.0011928780431834584,0.14108464879455554,15,225,-3407617
W,20.0,20.0,30,480
W,20.0,500.0,750,30
W,740.0,20.0,30,480
W,20.0,20.0,750,30
end